0.6989408044901717
0.46455160067040846
0.17851563131134784
0.8183390432088486
0.524090445947248
0.2704811158136776
0.47813204125473097
0.22331086902494746
1.1525531961753543E-4
0.6919203738692064
0.5721714844458561
0.09800281423430968
0.012796802883202507
0.3857383468710016
0.6313317146372563
0.13830181231552396
0.6326808721492033
0.9270399437189201
0.6809200220810807
0.939640839265497
0.5702067584456215
0.9159209821741138
0.7905561966463835
0.7430405563902204
0.06398087634901606
0.4145008196460337
0.4532609707173534
0.8932793763437542
0.5918741193836962
0.20864746497899267
0.7706595928231526
0.5939398131351721
0.7565356486355699
0.8897874068986344
0.1635694194472953
0.810679340667402
0.19008030026074674
0.03441838004783415
0.46102913347469177
0.7219266378726404
0.34712083696773843
0.8224200669005858
0.38586698278073484
0.945305226969038
0.6109800787364442
0.2799843347158283
0.6511934354273083
0.8784377688115579
0.22483230816742994
0.9589629863774575
0.10974380271190076
0.8843863959031872
0.17768724265234803
0.2716578181130339
0.6567846944069291
0.7248357257374881
0.32454404407877
0.8885540422153144
0.8773375327521741
0.5982267372480855
0.7007065221698173
0.5762250709029061
0.7497613177112705
0.375401347332303
0.2021655338396824
0.603612793134113
0.07027598681877112
0.14191914368317793
0.547117756899802
0.37711434435103075
0.6467968251099865
0.9540591803960643
0.7081046066174415
0.278383001203646
0.7254890965137387
0.7946211581234071
0.8099190712531771
0.7734767673501363
0.5597416691982007
0.07499236148630695
0.8253420999198945
0.7379659409436551
0.5087969863435075
0.6715477440841333
0.2689346130703578
0.5998360139504212
0.5620640192065135
0.4073025027269608
0.4885246431100525
0.3405005041552789
0.7251800413813805
0.0938376985199526
0.0846938746280188
0.6139631166811398
0.2751757348097936
0.7338715128747519
0.450481660663107
0.24514676800738944
0.4946375012517218
0.2514497534688046
0.4166881287299109
0.15063258095957954
0.12854996881861536
0.16458120067144588
0.5125731206627289
0.28852877375466446
0.4725404623888022
0.9442448039882475
0.407410723308119
0.5889161682251145
0.6975364092288165
0.4140471221831963
0.6852738574042256
0.9422932506661723
0.7433859640100994
0.43641040557284116
0.22358728133181516
0.23067048074272845
0.8727805622601347
0.3040227501233598
0.09540119476709019
0.07444015920118852
0.7668580919110728
0.7093837326703561
0.09600213966791626
0.43787454435033524
0.8651533178273936
0.9006303449036559
0.7063916768727733
0.487081571944183
0.5051024998497279
0.6484294320583924
0.5493271258447662
0.12647403618435427
0.30009696810719966
0.9465748065757069
0.16803355073382886
0.45328493769905076
0.11012055829947442
0.948028391335771
0.26335910322079925
0.9643877054573549
0.9052940473034924
0.4984965074282254
0.36206096387245534
0.7256571056934927
0.8001893738763982
0.7712339084443484
0.2570724207622066
0.8713329844995151
0.5455650962196799
0.9296197643814976
0.4600162012396162
0.7393253713604584
0.8042138966700328
0.44815134953084057
0.3368926457774999
0.6681265244022266
0.6089017420924476
0.7078527497787522
0.5597863192935365
0.9819715853714295
0.502917545048267
0.7486975053928256
5.975295484785814E-4
0.973116138385526
0.9975412643501971
0.609495477364321
0.21722033020540266
0.7535759673680664
0.14577725969166677
0.5147961883039279
0.23825194928394267
0.6934002523061358
0.2279889100913297
0.2787118930161797
0.4392331375888703
0.7885264350989983
0.7726096026923643
0.6871658994827413
0.9215825304665002
0.7084913826806988
0.3938941522970776
0.2929223121420047
0.9548026076892072
0.4627500233530536
0.21871388052802054
0.011856101549915343
0.7231986110624228
0.5940794659695057
0.995687415344416
0.1442726132859431
0.8302659401757717
0.5585224939683548
0.33247876518497743
0.961688425426861
0.7570656465456715
0.4835518500679431
0.8908829616448586
0.7973363031953621
0.7453215958137842
0.8096124207359305
0.7843583847905291
0.6577586531165044
0.38163715841250034
0.41492554078296384
0.8689548588554427
0.7332057213337443
0.49614301221431645
0.6994159473348176
0.09612439528133132
0.826156126194512
0.8570518839313048
0.7608485216923878
0.6046917736417696
0.6401287300569926
0.5420104319936836
0.23473861387601436
0.7693001907323918
0.07505681633218442
0.7978018200221909
0.589326120143944
0.9939370569539915
0.16084689766899152
0.6618671117940651
0.6678803533347102
0.6416834434986955
0.027345850862676824
0.6122779158684787
0.05282875350412475
0.12562032128102463
0.35679184094865324
0.03720585651692898
0.38967994168944287
0.8508632882561009
0.09392637791225389
0.37059945733190414
0.1534371103701483
0.39398686308517306
0.799295488495135
0.32769267621230924
0.4661752042132873
0.03363842304994691
0.922870660965784
0.7921332346720604
0.4816814212300675
0.5049308850132826
0.4479709091317168
0.5559333088098328
0.5415351946804992
0.6402422402723307
0.8095694752748973
0.294109020929581
0.7767306274151609
0.3803392361650577
0.7264196827818609
0.8677891006607436
0.07992053817500844
0.49228149164449475
0.6030366273005857
0.29273750462767
0.40558803577441627
0.2143514238489853
0.4554223612003949
0.4846484872657183
0.1689283256275418
0.963294398959607
0.8935243045202204
0.1982368688753552
0.10894945417976165
0.1854425331501124
0.5537678544123095
0.4140602904862404
0.3572777731195095
0.4108348115199205
0.5166057266134775
0.7951742722857781
0.6113802835331427
0.5782350387081193
0.6668784318031427
0.735135007559101
0.24939259449618
0.7389883592764992
0.6588813790518533
0.9495286547608954
0.9434675986370032
0.3189460183700642
0.13338619606518487
0.5251205391797915
0.8295369485277907
0.2202271355502703
0.10046499463245351
0.8338808180821013
0.5736036712475302
0.17837564135753414
0.9498177710975393
0.7435583457098432
0.7381606632919582
0.9555087912873659
0.37940564593712767
0.11213733101801449
0.6970570645297628
0.146343686481736
0.6435426671835008
0.640426560730263
0.9731101296294586
0.6015267162885448
0.9132019875977604
0.7751942759441656
0.279987551068253
0.7314798661887163
0.2141425637321891
0.5046760733478636
0.7383613337565433
0.2440172862232045
0.36256518271214455
0.568947319630605
0.7060610954110885
0.19027437669211444
0.5533569654573165
0.8195658775086391
0.4129309962027654
0.5460303963823587
0.7725864852360251
0.20605408793926017
0.12332133956547586
0.9392952322866032
0.003761749573710116
0.1412042585185289
0.8626222350034201
0.5500697452688282
0.2764659754428327
0.8028552153283558
0.8389734375419254
0.654477962183812
0.9663370657128483
0.2667013774182405
0.5672608618766039
0.7630089325168303
0.39695844262843805
0.2328605778969488
0.35973698283904165
0.8113946228446595
0.7170804579375194
0.508340292799053
0.286078826171544
0.40268972248050183
0.2306929792076745
0.3382063581605722
0.9254238824165387
0.670407935117889
0.84282175251325
0.1401720924649813
0.23390069925136614
0.9351086497422527
0.050522138818924756
0.19048988987529514
0.6333976453770037
0.9606169105628647
0.9563958266857687
0.3334416753393211
0.9907897513498541
0.28109829552874355
0.11105739394687408
0.8423879832552589
0.5015702155755092
0.7665002605541652
0.6013295115495116
0.14725034030869544
0.6178096700275636
0.32140935913131763
0.6925466339210187
0.26146516481093285
0.06759273442121205
0.37116387058964073
0.5061989901255931
0.39086137222533246
0.701558315804648
0.5790999501762312
0.6682503121401588
0.38757838896992003
0.3718962662324913
0.060098372629151964
0.5988136978650895
0.42405505743217964
0.30012969075563245
0.20813827799557416
0.13047243786588392
0.5052838435942716
0.4222390586742769
0.13935340335946322
0.4403833474663811
0.21193917747055246
0.013160314477815849
0.6671248584704229
0.8604024775428947
0.37265259282065355
0.4874162290780918
0.672034469453795
0.9898238840567208
0.2006213462796942
0.6486164141865345
0.707040645565115
0.6769245472536832
0.7979013275378379
0.8177883672170707
0.6870289108639637
0.8583590447808427
0.830149425812465
0.20897802649142172
0.5519273494852172
0.9495503114427075
0.6052439461983191
0.6402852955137691
0.8638670694781277
0.46457345550664686
0.7511262885189851
0.16947633565050946
0.40140610280891886
0.8106314703286782
0.18137094408368581
0.5255410078664453
0.9476249977198752
0.7500736779204531
0.06140500516025893
0.2710405023184983
0.633940684370359
0.852008347997642
0.043962236862999604
0.47481648255704634
0.39777486657573635
0.36591350480031015
0.12927109148205485
0.300610225629656
0.3397517230149363
0.34125081377277033
0.12364004638652382
0.32436598064464905
0.024889415077436472
0.48993941755095105
0.8195175271326176
0.5814701510706393
0.062287994147564474
0.24264768377508517
0.7007679588417925
0.3149037562755841
0.6191066677811993
0.6852130178789445
0.18881936661900334
0.14626276186447051
0.8771610449294103
0.5781009172274193
0.18850237343242915
0.9238270212819928
0.8242611505117052
0.4596661465259564
0.9668137525431607
0.8153354416378713
0.18744953671555264
0.9130808363722283
0.20350277208167233
0.3078513528925668
0.7615878085612743
0.43714519546486497
0.3892917411306174
0.6530785025553749
0.8642794139292348
0.0027987218084551957
0.6157067377483733
0.9537152139416651
0.15690496937058673
0.30000098957831967
0.19990832398760006
0.5249100082534522
0.6115861762064383
0.8837528109523891
0.5185763381219383
0.3846093348163043
0.9751826209367368
0.9133800811228122
0.886816631416353
0.727563954790075
0.6839656237767695
0.9458041333841046
0.3112218693392059
0.01998761907663582
0.8164019977976433
0.2913741235704933
0.47063273847738674
0.9153378699109486
0.33651915174871294
0.7699384119500994
0.3338093157194113
0.5364155231550812
0.5766132301263535
0.3151834140009644
0.4101373795033879
0.7949560585717125
0.6355998664076942
0.7668702473168804
0.7476576617212578
0.32711232620058117
0.12809668270581243
0.36345071184173194
0.442120537768105
0.31170500950275526
0.5093659940757786
0.9016458073955352
0.6014325983827655
0.9078435310457709
0.022534702064732293
0.2649218478126478
0.4217755810933901
0.2994968107763325
0.1670476097722885
0.0394002616837803
0.27484244007294945
0.3668195813955407
0.4710999424375185
0.2335891787189599
0.480048753635519
0.8175171562178625
0.26583286565152076
0.6974263384077141
0.7412428608712209
0.20625714366537395
0.10536620651792183
0.6964742156837807
0.06435064247990585
0.6461141258972098
0.454280245645749
0.23871019235570545
0.340556631482019
0.17325930993127436
0.2729486198698875
0.1742057124325963
0.6790356304510109
0.6645837935506139
0.17116292943214506
0.7920905813070337
0.003914332701209111
0.9276708586609677
0.8717786800844987
0.6245492655491439
0.39205561849043014
0.08350911984055243
0.828651471776836
0.4341982169505426
0.12142274043182022
0.644564847731802
0.9769211709098374
0.9090450187890801
0.4241945281988653
0.7543084450745179
0.7587411560462144
0.4183306996000614
0.4944667763092717
0.8990168179660628
0.7638385494978881
0.2929094116120634
0.38728927929909696
0.028649421891808635
0.5518302651916226
0.4854201186686897
0.0639514283610143
0.4308228742385469
0.482009521323822
0.1383573330506741
0.9878442071010745
0.8903852305305332
0.6663553533260449
0.5422489293743769
0.35588982633338384
0.6368178255295642
0.48280780580256166
0.20150097125407984
0.2624444582640527
0.33266880542522237
0.4383899921669271
0.24207083746160396
0.8357438686600092
0.8884496584287909
0.5555473228702239
0.1929816378684871
0.6613752479805051
0.20290164007576394
0.8701132468271113
0.25279247377495273
0.6129233994400581
0.022266711727657373
0.0756003176454012
0.5124905372173196
0.5468526584377709
0.9881732044118605
0.8260537368298166
0.24787256811762848
0.186850459060534
0.6009735360330548
0.7184942883594323
0.317335199027419
0.9222727350222977
0.2638475341431441
0.5160161552278417
0.9050945308905903
0.1759945993803249
0.7927119774033928
0.7438943613304893
0.3352074627078234
0.45888479109043767
0.7779527953511486
0.39359590053724514
0.4483688464715526
0.2212857200549937
0.9662236105008253
0.10337694091773242
0.08130932214548414
0.1362952530875604
0.39403051047314486
0.8491885528046471
0.51772156680912
0.5053106031845259
0.3495496057752622
0.8759014197913887
0.38999297350989537
0.06320838152253727
0.36510039049507204
0.3264000943875687
0.4026250335198386
0.5786993420927014
0.34992470006636567
0.7848855315858466
0.4210713079757695
0.29481002821600677
0.6613973030413745
0.7407642416885032
0.9238270350070404
0.43510799788250076
0.3825210943688282
0.8007912728326544
0.5509550651958641
0.713200787681217
0.3245361796179487
0.32967328761103454
0.49883499627583805
0.026203672125631683
0.3056986724756481
0.08312713270270744
0.8087727776743832
0.28728448698901654
0.07076171207097459
0.31242841119676623
0.17621095347773286
0.6580582920776823
0.8104179379394083
0.7657731923760615
0.7676300273468638
0.2785188264612074
0.6159385595614496
0.9893160404758894
0.6738340226179025
0.9603573340298907
0.36147174269130666
0.33953516784478466
0.05116406256058559
0.2089338249711883
0.4449385659409102
0.15861618773725117
0.7062861666126933
0.36982971413381127
0.5381921079003947
0.6358336375923214
0.8655500210899285
0.6578246512281021
0.9980812974240286
0.9804492612943643
0.1365180520867726
0.31930509466161083
0.8722883370726455
0.6654350132425155
0.2171151128545239
0.20352509832044519
0.4972839757604747
0.6663674592177358
0.7369506138329498
0.5738050958085931
0.5304729082368216
0.8161299358282259
0.725716940919399
0.07666775390412939
0.8845770348453419
0.6235970181419557
0.595169125774701
0.40507407240481974
0.4395309950394749
0.16326594634532166
0.1940423367966987
0.34133732447663157
0.5956418900605921
0.932837713190568
0.44936579123518094
0.545956355424359
0.7014901855524376
0.8970403442099896
0.3429825980555451
0.6705232927820899
0.14102675340604476
0.28852559155452007
0.4886869882510805
0.11602598273747755
0.39654659879242204
0.12045935957882492
0.37324195874503274
0.03227801661169549
0.7176969272501722
0.7804653730201174
0.40364171172633745
0.9598748131659289
0.12140351327067378
0.5218704099664035
0.2633349943724048
0.8529867684192031
0.3235759089481266
0.14573886506072842
0.7217271320972224
0.08946594980690437
0.8606788640344886
0.6759730977332318
0.9641295162699296
0.47415580166416826
0.09773337407881244
0.3697952669946206
0.7134278644578687
0.17195806121199497
0.039037893881889274
0.9772155028119328
0.9000910817756114
0.9691247421370581
0.8588764376036548
0.7656300311981398
0.40374490507067484
0.2544073550233782
0.8517070544409543
0.45948216485204585
0.437385533500227
0.6361094721352302
0.06480043206223018
0.9099583123388061
0.47441058334148645
0.16675302362157562
0.22102558435612463
0.005979556642657258
0.22899552274246981
0.7339819920084406
0.6654552370289611
0.06528929263792671
0.09194598537288545
0.2944928791340923
0.9766909124270443
0.7032257335658819
0.5970076165892024
0.27719313637023413
0.5722837938268147
0.9668076003918155
0.946716608579629
0.6624550346121871
0.1073541564800703
0.34305019190841257
0.3622258916085397
0.95624480085723
0.7164887279634949
0.10296811721179921
0.03814311326149744
0.5210720134489576
0.18122193287323074
0.3265101811999015
0.7812686509256663
0.5001176386890421
0.9188834227134267
0.8687105327731318
0.9912228784635277
0.8765635983314058
0.283320874074638
0.47362992808848536
0.5013040409292383
0.0470605625358842
0.043983905895277786
0.22019951784990344
0.939518982149735
0.6564346602386366
0.06708085314829904
0.49286860714028435
0.6925813161569817
0.34014834622272183
0.16099758779451012
0.7099973438126418
0.25977258869177944
0.4516940180085347
0.76789333493907
0.11422383644815293
0.7689136701693718
0.8140135798206394
0.6843653836440609
0.031574648002339556
0.6932953562480998
0.027201008569325835
0.2763012625726309
0.13987648128244923
0.35626885196878155
0.8891590714886044
0.7165131319527759
0.4520658974861238
0.6392975415611674
0.04154540857643729
0.6184761912570714
0.9162832679976168
0.4196242531827833
0.04025719548545814
0.06546886444643663
0.7621757497972002
0.6553086904198631
0.6678676781237053
0.44163966659782994
0.9816235204185709
0.7082420224673227
0.45484222756125214
0.6600019953731961
0.6221425427893229
0.4498466583698584
0.05702502570831269
0.3520843582469
0.8925059174236516
0.929521182921088
0.34880207029020927
0.33494075497026554
0.4326651792636488
0.9024916338521627
0.8345101682609584
0.2034517449323715
0.483841978828909
0.31158240582434493
0.2550753872026891
0.20932404660237713
0.10969951183835414
0.8965208860009779
0.07252871010373463
0.6829223161746382
0.06579215593874288
0.4647421110197538
0.8519607792464343
0.1300440896217685
0.3920308289950034
0.9992611253478616
0.4286414111501854
0.7929746769534026
0.31169095819617587
0.7020318974257272
0.14744386597228432
0.9036360349107925
0.5605282571994021
0.2753141475092713
0.3923777375965999
0.07636969199516652
0.840857461684363
0.22891962382255826
0.08594868890779739
0.2888707288923842
0.6979877023826653
0.7678124320376575
0.8312267642533385
0.6820160037912738
0.7501971168225555
0.8623884190733587
0.893919768900543
0.9728069843328441
0.8684692574389435
0.43286071669046466
0.27741179941350247
0.6193731578737388
0.5985014319761195
0.18952999407410087
0.7306409443218643
0.0029596901843583767
0.8450357511796022
0.5623197499106305
0.6468550174745833
0.7990485577002224
0.5973516365883411
0.3258079907024197
0.46069718035183993
0.39823963450397937
0.2647980599264903
0.9800887856653254
0.3317382094400815
0.707244460323644
0.012532609980978493
0.6831484627657874
0.6144858860181773
0.9113218718853867
0.3401740881520946
0.5470427328638806
0.8580659588684714
0.8117115704739178
0.02986332099232103
0.40801288894258825
0.8531835790324814
0.16509826357099044
0.5052673448230186
0.7597803074348091
0.5496375545621806
0.04686482582911622
0.589349937939846
0.3996105519463867
0.5045745617564975
0.635870924823152
0.6262712246424581
0.4783395686694434
0.8898338507064103
0.975718385588961
0.9415680701430735
0.06840624270046147
0.9861475451993221
0.2059426622074978
0.6548056286532719
0.0680369718452617
0.5226253037940797
0.47629551198549347
0.9301801887349959
0.24507965436631862
0.18186662360785955
0.2582604573642694
0.853091787528156
0.4905860728672612
0.08420744920078449
0.050169917259572094
0.25449456133781656
0.9000927155859032
0.08902279732183804
0.5357685642084221
0.9698718400521369
0.12965254593167608
0.30667000949315026
0.1007946457176554
0.2159718749912437
0.58402098191206
0.3015723495981165
0.23812735809080354
0.9959792610918884
0.38600118056382093
0.08510606869782422
0.7792748175283609
0.7025861128770698
0.7488055657549618
0.14636828252617518
0.07845400467222308
0.378466371182122
0.3273915711884201
0.4495673481522928
0.2452404007308061
0.41494525573125773
0.3600816418626712
0.5386910208819746
0.27274152662700024
0.8221952529915562
0.928378620069621
0.6332719958130286
0.44047555418105755
0.5880789471819674
0.46073983730019763
0.8734847455042677
0.6846122241690932
0.057798299348130744
0.685173963282023
0.6784709022904101
0.72296025342328
0.7127985821460364
0.5958769825294732
0.518705468183002
0.5980617965493956
0.2049146957342326
0.6407248354306926
0.2713791715527565
0.9589810178833922
0.010536547740416013
0.2592919290575799
0.7271872916002847
0.8408506197062072
0.6096088905682429
0.10516625181349659
0.7475786776125346
0.9209665929328529
0.665570709140424
0.7716833498399068
0.03343289925832016
0.23119798332507713
0.28487760205233326
0.6068031951070787
0.4592979998609522
0.08870509974657992
0.06854034085009786
0.25070526515847236
